-,-,-
-646, -311, 711
-582, -323, 587
-562, -315, 448
-562, -315, 448
-539, -313, 497
-534, -372, 668
-558, -403, 785
-431, -439, 713
-333, -402, 618
-300, -357, 602
-299, -386, 699
-201, -461, 648
-154, -448, 546
-157, -425, 505
-231, -386, 588
-303, -273, 607
-323, -174, 505
-476, -135, 452
-476, -135, 452
-620, -122, 485
-830, -52, 693
-912, 5, 839
-981, 70, 900
-1103, 132, 989
-1185, 188, 1078
-1283, 311, 1186
-1307, 451, 1162
-1309, 575, 1066
-1371, 699, 984
-1391, 852, 925
-1285, 923, 892
-1285, 923, 892
-1117, 863, 905
-910, 690, 878
-710, 464, 843
-478, 259, 790
-251, -41, 853
-60, -344, 933
148, -618, 902
208, -736, 830
229, -898, 812
229, -898, 812
205, -1018, 848
114, -1030, 861
74, -1080, 881
-10, -1084, 937
-114, -1074, 991
-189, -1093, 1069
-367, -1019, 1182
-452, -1074, 1209
-578, -1150, 1257
-599, -1260, 1300
-673, -1166, 1349
-680, -907, 1354
-660, -567, 1194
-556, -305, 859
-478, 2, 469
-495, 306, 165
-555, 565, 31
-540, 644, 64
-540, 644, 64
-,-,-
-419, -407, 264
-530, -372, 425
-564, -314, 637
-525, -336, 686
-525, -336, 686
-385, -414, 568
-401, -368, 500
-424, -324, 544
-443, -318, 632
-366, -374, 656
-343, -330, 583
-476, -221, 557
-512, -187, 581
-538, -152, 636
-590, -108, 674
-647, -114, 673
-727, -110, 736
-786, -52, 843
-786, -52, 843
-812, 6, 889
-854, 9, 936
-869, 14, 934
-867, 53, 946
-895, 137, 989
-895, 137, 989
-927, 227, 1004
-908, 259, 994
-919, 312, 929
-972, 435, 884
-935, 479, 880
-907, 515, 856
-811, 528, 746
-773, 471, 705
-773, 471, 705
-653, 308, 752
-560, 117, 856
-458, -28, 879
-389, -138, 855
-293, -330, 895
-235, -499, 991
-177, -636, 1040
-177, -701, 1056
-139, -790, 1077
-101, -859, 1116
-115, -917, 1176
-120, -993, 1211
-136, -1011, 1192
-183, -938, 1097
-221, -995, 1084
-265, -1132, 1133
-311, -1203, 1192
-345, -1009, 1098
-358, -732, 923
-436, -453, 781
-478, -283, 706
-478, -96, 598
-478, -96, 598
-,-,-
-80, -75, 1032
-80, -75, 1032
-27, -135, 991
-5, -64, 1022
53, 20, 1041
110, 9, 1123
231, -72, 1087
231, -72, 1087
303, -115, 1021
237, -69, 1095
165, -18, 1109
142, -32, 1003
112, -73, 879
0, -82, 795
0, -82, 795
-137, -98, 819
-296, -114, 884
-451, -103, 926
-584, -53, 925
-695, 7, 942
-825, 38, 998
-825, 38, 998
-936, 67, 1038
-951, 73, 1088
-826, 87, 1029
-720, 118, 921
-656, 126, 850
-579, 78, 838
-579, 78, 838
-436, -29, 875
-241, -141, 887
-103, -213, 905
-34, -232, 939
76, -308, 931
178, -440, 917
249, -532, 921
249, -532, 921
248, -501, 967
266, -468, 1011
315, -540, 1060
327, -612, 1103
328, -716, 1124
304, -781, 1135
320, -826, 1044
267, -790, 961
208, -734, 926
149, -719, 978
149, -719, 978
119, -706, 972
49, -659, 957
-70, -560, 911
-139, -480, 844
-157, -460, 754
-112, -567, 777
-147, -617, 924
-209, -442, 946
-180, -186, 784
-180, -186, 638
-68, -48, 638
-26, -43, 781
-45, 128, 1002
-41, 430, 1076
-35, 593, 1137
-,-,-
-101, -648, 813
-77, -627, 860
-129, -595, 838
-135, -591, 811
-115, -567, 831
-153, -510, 909
-121, -514, 907
-121, -514, 815
-111, -482, 815
-176, -426, 845
-207, -405, 877
-270, -341, 898
-331, -256, 852
-404, -138, 811
-461, -51, 813
-519, 32, 841
-583, 119, 894
-644, 225, 917
-644, 225, 917
-654, 296, 887
-663, 345, 871
-689, 374, 872
-681, 358, 851
-649, 347, 786
-628, 350, 751
-598, 368, 764
-561, 440, 694
-561, 440, 694
-513, 449, 610
-457, 339, 642
-370, 177, 723
-317, 46, 842
-238, -67, 877
-158, -217, 902
-69, -395, 943
-69, -395, 943
-63, -519, 1029
-23, -638, 1083
10, -704, 1080
36, -701, 1034
65, -774, 1052
46, -817, 1096
18, -840, 1133
0, -841, 1153
0, -841, 1153
-3, -840, 1161
-56, -840, 1193
-137, -836, 1293
-209, -793, 1380
-239, -727, 1353
-280, -611, 1306
-362, -499, 1332
-418, -382, 1365
-387, -343, 1333
-348, -370, 1230
-294, -353, 1036
-247, -338, 869
-203, -353, 808
-191, -329, 724
-135, -289, 520
-96, -279, 392
-68, -280, 288
-68, -280, 288
-43, -284, 253
-66, -307, 298
-109, -299, 339
-97, -326, 321
-,-,-
-686, 594, 885
-671, 606, 887
-671, 606, 887
-697, 618, 906
-719, 582, 1004
-655, 569, 941
-681, 646, 927
-739, 783, 916
-846, 834, 1055
-864, 848, 1081
-837, 883, 1036
-802, 892, 867
-802, 892, 867
-718, 770, 743
-627, 520, 695
-562, 322, 654
-496, 123, 566
-435, 8, 351
-387, -132, 109
-307, -415, 61
-307, -415, 61
-256, -604, 128
-253, -562, 107
-239, -445, 42
-227, -349, 38
-210, -269, 113
-221, -194, 221
-354, 6, 361
-306, 68, 269
-306, 68, 269
-317, 105, 297
-368, 77, 464
-522, 173, 471
-698, 307, 385
-711, 204, 456
-751, 42, 713
-751, 42, 713
-854, 0, 846
-970, 27, 882
-1036, 93, 951
-1033, 103, 917
-1044, 84, 976
-1044, 84, 976
-1072, 122, 999
-1080, 164, 988
-1065, 152, 998
-1009, 89, 1034
-971, 60, 1034
-957, 44, 989
-911, 17, 900
-863, -96, 817
-812, -289, 790
-812, -289, 790
-779, -352, 762
-716, -357, 669
-728, -277, 630
-695, -265, 562
-657, -215, 558
-615, -134, 751
-557, 40, 756
-551, 348, 588
-561, 670, 467
-479, 740, 693
-479, 740, 693
-341, 669, 935
-452, 983, 748
-490, 1046, 603
-,-,-
86, -139, 1207
133, -153, 1135
240, -100, 886
240, -100, 886
187, -23, 832
121, -35, 1002
107, -102, 1146
166, -105, 1016
174, 18, 784
119, 103, 756
119, 103, 756
65, 54, 953
57, -15, 1086
37, -29, 1070
4, 9, 967
4, 9, 967
-62, -15, 962
-168, -39, 1109
-193, -61, 1125
-255, -16, 1102
-255, -16, 1102
-281, 19, 1034
-376, 72, 1025
-453, 108, 1031
-490, 121, 1048
-506, 161, 1018
-527, 225, 950
-558, 255, 927
-585, 314, 967
-546, 355, 953
-546, 355, 953
-468, 310, 956
-401, 292, 945
-361, 306, 899
-321, 324, 924
-245, 270, 996
-125, 170, 1027
-45, 137, 1027
-8, 145, 987
-8, 145, 987
34, 93, 961
111, -63, 1001
232, -245, 1042
388, -440, 1063
506, -592, 1028
543, -721, 1042
543, -721, 1042
553, -863, 1095
591, -970, 1078
549, -967, 1097
499, -911, 1074
367, -805, 1092
246, -737, 1087
197, -771, 1106
135, -730, 1072
35, -548, 949
-82, -329, 856
-91, -182, 759
-91, -182, 759
-97, -87, 806
-99, 92, 844
-28, 407, 950
-22, 644, 1023
14, 740, 978
14, 740, 978
-2, 783, 1042
2, 815, 1092
-35, 797, 1112
-,-,-
-120, -223, 940
-97, -192, 986
-97, -192, 986
-113, -120, 912
-67, -149, 820
-15, -226, 854
14, -208, 943
87, -85, 952
186, 83, 825
186, 83, 825
203, 265, 630
139, 303, 602
187, 151, 696
188, 93, 708
188, 93, 708
185, 99, 577
155, 5, 577
53, -200, 856
53, -200, 856
32, -454, 1112
-76, -484, 1173
-83, -564, 1136
-79, -740, 1181
-122, -925, 1334
-130, -956, 1486
-114, -908, 1457
-123, -828, 1345
-211, -713, 1318
-262, -641, 1339
-250, -576, 1311
-221, -440, 1219
-249, -242, 1121
-372, -78, 1114
-344, -78, 1129
-161, -201, 1072
-30, -236, 883
-10, -224, 708
54, -263, 611
54, -263, 611
179, -414, 642
318, -615, 661
417, -724, 705
417, -614, 702
468, -529, 630
517, -592, 702
517, -592, 702
493, -637, 778
455, -649, 782
426, -664, 787
442, -713, 765
368, -754, 833
333, -827, 860
330, -864, 816
330, -864, 816
305, -885, 823
248, -929, 939
210, -941, 994
272, -930, 918
255, -864, 901
182, -787, 1006
169, -756, 1075
169, -731, 1119
137, -574, 1028
137, -574, 1028
49, -339, 901
-79, -28, 871
-153, 182, 965
-119, 319, 936
-195, 535, 831
-300, 646, 759
-321, 490, 859
-321, 490, 859
-321, 310, 959
-308, 235, 904
-,-,-
-534, -209, 563
-510, -249, 578
-539, -218, 543
-559, -173, 613
-513, -226, 744
-437, -274, 799
-437, -250, 773
-395, -249, 729
-319, -330, 764
-208, -437, 783
-183, -435, 740
-183, -435, 740
-152, -482, 739
-140, -529, 766
-137, -540, 770
-161, -469, 728
-211, -384, 735
-231, -320, 721
-266, -285, 715
-326, -265, 757
-392, -235, 785
-477, -206, 864
-529, -225, 937
-653, -120, 966
-729, -19, 919
-729, -19, 919
-836, 68, 974
-915, 76, 1069
-1013, 142, 1167
-1049, 137, 1168
-1045, 144, 1082
-1089, 208, 1016
-1097, 235, 967
-1133, 292, 974
-1068, 247, 945
-992, 210, 894
-875, 165, 838
-796, 131, 779
-796, 131, 779
-789, 117, 796
-748, 90, 819
-619, 21, 790
-532, -11, 811
-478, -55, 851
-436, -32, 832
-380, -8, 809
-380, -8, 809
-246, -71, 715
-177, -232, 687
-131, -416, 719
-95, -461, 745
-49, -363, 706
72, -417, 746
72, -417, 746
111, -549, 944
117, -658, 1047
133, -824, 1102
139, -1014, 1172
113, -1095, 1145
41, -1140, 1097
-16, -1276, 1121
-92, -1382, 1145
-231, -1385, 1149
-344, -1389, 1132
-450, -1288, 1108
-445, -1112, 1004
-487, -834, 1027
-485, -467, 873
-396, -176, 641
-307, 2, 639
-306, 283, 678
-338, 586, 495
-271, 575, 399
-271, 575, 399
-267, 387, 515
-335, 144, 790
-379, 114, 622
-,-,-
-506, -178, 775
-457, -214, 901
-464, -186, 857
-460, -104, 778
-492, -26, 805
-471, 18, 824
-471, 18, 824
-465, 86, 803
-440, 207, 759
-399, 389, 676
-399, 569, 625
-323, 557, 611
-272, 464, 651
-272, 464, 651
-259, 300, 740
-202, -26, 872
-182, -306, 976
-210, -507, 1045
-183, -745, 1089
-183, -917, 1129
-158, -1021, 1154
-119, -1032, 1092
-69, -1029, 1002
-46, -971, 979
-37, -915, 1009
-9, -881, 1051
63, -841, 987
95, -767, 956
95, -767, 956
129, -694, 869
126, -621, 787
127, -572, 732
138, -553, 725
96, -473, 751
73, -387, 717
73, -387, 717
48, -312, 693
-16, -215, 742
-25, -151, 710
-64, -147, 773
-137, -127, 872
-211, -93, 957
-211, -93, 957
-275, -108, 1022
-335, -132, 1102
-409, -128, 1143
-460, -131, 1152
-492, -164, 1169
-553, -177, 1241
-561, -223, 1254
-561, -263, 1219
-575, -290, 1216
-587, -334, 1217
-620, -357, 1221
-630, -406, 1190
-636, -462, 1178
-638, -496, 1212
-648, -480, 1321
-621, -466, 1341
-544, -439, 1166
-478, -411, 1021
-431, -414, 911
-406, -397, 846
-344, -424, 846
-239, -467, 725
-136, -481, 504
-12, -484, 415
-29, -387, 566
24, -437, 640
24, -437, 640
154, -591, 713
170, -506, 711
205, -362, 584
125, -286, 622
194, -393, 650
108, -399, 799
-19, -306, 852
-19, -306, 852
-121, -260, 890
-200, -270, 867
-,-,-
-674, -168, 836
-596, -250, 805
-592, -236, 782
-511, -223, 704
-483, -219, 681
-516, -233, 715
-443, -283, 696
-379, -286, 632
-297, -269, 518
-233, -274, 461
-173, -313, 443
-139, -294, 447
-139, -294, 447
-174, -222, 439
-165, -221, 437
-169, -235, 498
-170, -290, 612
-242, -271, 762
-319, -198, 895
-365, -137, 1065
-432, -22, 1189
-507, 94, 1261
-548, 184, 1288
-596, 211, 1318
-648, 207, 1379
-687, 247, 1346
-702, 255, 1302
-702, 255, 1302
-691, 262, 1286
-653, 276, 1306
-651, 338, 1404
-633, 425, 1367
-576, 430, 1178
-479, 371, 1064
-441, 386, 1163
-383, 432, 1249
-348, 489, 1093
-290, 469, 912
-189, 317, 912
-182, 262, 942
-182, 262, 942
-151, 195, 925
-101, -52, 865
-81, -371, 824
-40, -589, 749
-65, -716, 761
-139, -781, 733
-187, -946, 759
-221, -1071, 770
-309, -1163, 797
-338, -1202, 855
-400, -1168, 906
-456, -1087, 933
-552, -983, 967
-552, -983, 967
-595, -967, 955
-593, -1004, 942
-620, -954, 898
-629, -859, 909
-696, -735, 885
-649, -658, 633
-550, -638, 433
-516, -609, 374
-542, -483, 402
-475, -433, 345
-347, -470, 309
-378, -352, 279
-414, -315, 394
-450, -188, 494
-446, -152, 540
-446, -152, 540
-415, -142, 502
-393, -198, 460
-482, -180, 576
-511, -178, 694
-505, -231, 747
-564, -184, 692
-538, -242, 589
-556, -312, 632
-575, -346, 665
-609, -342, 653
-637, -322, 580
-661, -344, 565
-,-,-
-483, -506, 596
-467, -494, 610
-501, -475, 674
-501, -475, 674
-452, -522, 675
-418, -545, 623
-442, -478, 596
-447, -447, 621
-438, -456, 650
-416, -463, 647
-407, -452, 585
-410, -453, 571
-448, -438, 600
-442, -473, 612
-457, -480, 616
-490, -470, 595
-536, -433, 611
-573, -398, 643
-583, -373, 669
-583, -373, 669
-614, -333, 718
-641, -298, 764
-677, -267, 796
-698, -224, 791
-718, -200, 780
-737, -177, 763
-773, -191, 798
-809, -200, 839
-840, -159, 844
-851, -94, 804
-884, -38, 762
-908, 9, 779
-908, 9, 779
-899, 48, 851
-891, 129, 892
-819, 192, 878
-752, 237, 848
-674, 216, 832
-674, 216, 832
-606, 158, 834
-549, 93, 831
-450, 20, 855
-334, -90, 896
-235, -231, 922
-136, -373, 916
-62, -520, 921
-62, -520, 921
9, -677, 950
96, -851, 984
156, -979, 993
181, -1063, 976
185, -1136, 959
152, -1155, 937
137, -1192, 929
109, -1270, 993
109, -1270, 993
60, -1300, 1039
4, -1251, 1005
-80, -1096, 936
-157, -959, 901
-209, -915, 904
-246, -928, 941
-299, -900, 939
-333, -815, 816
-319, -756, 689
-290, -734, 673
-315, -648, 808
-350, -359, 765
-400, -2, 511
-400, -2, 511
-400, 143, 278
-434, 169, 354
-545, 204, 620
-548, 199, 599
-534, 197, 476
-503, 117, 416
-503, 117, 416
-522, -20, 514
-555, -153, 626
-,-,-
-529, -385, 755
-526, -377, 781
-489, -412, 773
-470, -426, 780
-433, -424, 769
-425, -400, 775
-395, -382, 753
-372, -389, 738
-349, -425, 725
-322, -437, 726
-305, -409, 730
-238, -401, 702
-200, -406, 695
-200, -406, 695
-207, -413, 735
-190, -441, 738
-195, -465, 757
-215, -439, 738
-249, -432, 755
-288, -410, 779
-336, -384, 808
-400, -374, 824
-450, -402, 809
-540, -386, 832
-604, -373, 889
-663, -350, 941
-705, -325, 978
-722, -303, 970
-722, -303, 970
-740, -290, 970
-775, -289, 986
-776, -290, 986
-764, -282, 980
-724, -245, 935
-723, -149, 892
-716, -64, 842
-695, -37, 828
-618, -65, 833
-527, -102, 827
-430, -132, 787
-348, -208, 773
-348, -208, 773
-274, -325, 789
-185, -451, 804
-68, -612, 773
23, -780, 766
67, -888, 780
71, -917, 838
74, -935, 859
74, -935, 859
102, -995, 846
52, -998, 863
-2, -1017, 897
-71, -1082, 961
-154, -1180, 996
-274, -1224, 999
-328, -1166, 881
-345, -1036, 731
-345, -926, 701
-361, -826, 749
-337, -694, 771
-320, -434, 628
-320, -434, 628
-282, -238, 615
-251, -142, 617
-255, -100, 647
-287, -21, 648
-331, 10, 698
-354, -23, 677
-327, -193, 699
-339, -292, 687
-394, -348, 647
-432, -411, 623
-427, -482, 579
-427, -482, 579
-438, -476, 533
-,-,-
-250, -453, 780
-220, -445, 878
-225, -465, 975
-200, -460, 1002
-162, -413, 855
-185, -370, 783
-195, -383, 846
-204, -363, 932
-204, -363, 932
-202, -262, 927
-182, -159, 845
-190, -83, 811
-206, -14, 794
-226, 62, 799
-177, 63, 792
-183, 116, 768
-147, 61, 755
-147, 61, 755
-62, -158, 846
-68, -286, 943
-51, -325, 898
6, -409, 788
50, -542, 769
50, -542, 769
88, -687, 822
144, -835, 883
199, -951, 932
232, -997, 919
259, -1058, 938
308, -1101, 922
353, -1106, 864
387, -1136, 829
387, -1136, 829
395, -1150, 858
398, -1139, 885
408, -1113, 879
420, -1032, 818
398, -916, 709
391, -888, 684
353, -890, 726
314, -863, 766
290, -781, 737
258, -663, 694
258, -663, 694
155, -516, 743
52, -365, 801
-8, -266, 842
-57, -188, 849
-150, -68, 815
-250, -1, 869
-250, -1, 869
-286, -14, 993
-285, -79, 1082
-281, -137, 1063
-296, -162, 996
-276, -229, 1000
-284, -300, 1045
-311, -349, 1014
-350, -363, 916
-392, -379, 878
-386, -439, 909
-388, -513, 1005
-434, -485, 976
-420, -481, 938
-378, -519, 949
-323, -595, 918
-323, -595, 918
-270, -703, 909
-250, -707, 872
-239, -632, 761
-110, -609, 638
-17, -643, 623
4, -641, 678
51, -606, 636
177, -604, 563
177, -604, 563
223, -575, 517
227, -625, 549
205, -735, 661
185, -713, 625
173, -651, 550
120, -649, 622
30, -656, 721
30, -656, 721
-103, -589, 798
-,-,-
-128, -444, 781
-128, -444, 781
-146, -423, 764
-138, -378, 816
-136, -329, 864
-81, -355, 828
-16, -302, 730
-16, -230, 675
-50, -201, 745
-72, -203, 803
-36, -231, 793
-36, -231, 793
-32, -179, 685
-52, -178, 668
-76, -295, 746
-53, -473, 795
-74, -557, 819
-122, -576, 840
-143, -657, 878
-152, -798, 965
-160, -886, 1026
-175, -927, 1049
-188, -927, 1086
-188, -926, 1086
-180, -909, 1103
-151, -938, 1148
-83, -1063, 1214
-14, -1180, 1237
23, -1179, 1146
47, -1145, 1018
96, -1136, 940
119, -1096, 947
121, -1056, 991
111, -905, 855
121, -715, 673
94, -581, 690
55, -546, 866
55, -546, 866
-34, -416, 930
-65, -233, 799
-110, -81, 705
-121, -38, 761
-195, 49, 841
-311, 155, 870
-311, 155, 870
-353, 217, 811
-363, 187, 833
-406, 128, 922
-491, 116, 995
-569, 132, 971
-576, 56, 942
-583, -12, 920
-583, -12, 920
-610, -73, 905
-618, -127, 866
-590, -205, 882
-559, -263, 883
-535, -307, 857
-487, -342, 809
-412, -418, 819
-318, -504, 791
-217, -596, 771
-133, -655, 763
-36, -751, 729
68, -849, 698
68, -849, 698
100, -835, 668
148, -831, 633
156, -856, 695
148, -870, 719
127, -839, 655
63, -783, 650
63, -783, 650
-8, -713, 674
-79, -676, 822
-,-,-
-193, -450, 818
-209, -436, 836
-193, -493, 913
-133, -584, 923
-180, -590, 948
-172, -632, 1056
-168, -711, 1158
-106, -916, 1229
-46, -1158, 1350
-12, -1281, 1444
15, -1234, 1401
54, -1109, 1226
-5, -901, 1087
-64, -730, 959
-140, -543, 884
-140, -543, 884
-206, -357, 808
-258, -135, 673
-335, 74, 565
-384, 147, 503
-443, 188, 423
-462, 176, 326
-479, 122, 282
-478, 28, 263
-478, 28, 263
-452, -79, 283
-409, -142, 293
-381, -170, 269
-360, -219, 267
-325, -278, 299
-287, -288, 310
-226, -315, 302
-213, -299, 341
-243, -274, 369
-290, -332, 428
-297, -459, 514
-297, -459, 514
-313, -514, 592
-345, -526, 655
-388, -539, 769
-417, -551, 822
-421, -598, 845
-442, -644, 934
-463, -688, 1011
-503, -715, 1046
-522, -702, 1077
-542, -653, 1099
-560, -604, 1111
-571, -564, 1108
-592, -473, 1078
-609, -382, 1066
-631, -271, 1013
-644, -209, 989
-656, -164, 978
-635, -153, 983
-613, -141, 993
-563, -198, 1010
-512, -271, 949
-475, -308, 917
-423, -332, 876
-423, -332, 876
-362, -394, 873
-319, -440, 838
-277, -439, 778
-242, -428, 779
-155, -458, 819
-56, -501, 885
31, -505, 811
80, -518, 779
111, -538, 796
111, -538, 796
165, -642, 867
187, -712, 852
150, -695, 777
80, -647, 807
47, -644, 909
29, -652, 935
29, -652, 935
5, -640, 863
-48, -577, 777
-161, -479, 849
-,-,-
-200, -372, 839
-183, -435, 887
-192, -468, 1008
-188, -502, 1058
-132, -523, 1008
-78, -540, 956
-62, -566, 982
-30, -619, 1023
-10, -638, 1039
27, -661, 981
16, -650, 925
16, -650, 925
-25, -653, 957
-74, -668, 1024
-106, -619, 975
-171, -478, 847
-260, -340, 802
-335, -237, 832
-390, -170, 861
-459, -59, 788
-504, 79, 702
-559, 174, 767
-559, 174, 767
-596, 248, 860
-614, 325, 817
-598, 363, 695
-575, 361, 591
-555, 358, 550
-519, 327, 514
-465, 307, 482
-465, 307, 482
-406, 342, 388
-337, 375, 315
-259, 366, 339
-211, 326, 420
-198, 180, 550
-150, -82, 718
-67, -278, 845
-67, -278, 845
-12, -442, 1029
28, -782, 1306
41, -981, 1410
56, -917, 1316
84, -758, 1267
72, -634, 1330
79, -647, 1398
87, -565, 1256
87, -565, 1256
97, -428, 1055
103, -367, 997
111, -404, 1068
123, -432, 1073
149, -465, 1022
142, -427, 966
151, -416, 949
161, -439, 976
161, -439, 976
153, -492, 1034
130, -493, 1039
84, -454, 1042
23, -454, 1106
-82, -488, 1202
-199, -592, 1405
-244, -698, 1616
-229, -752, 1696
-263, -726, 1668
-277, -626, 1578
-247, -484, 1467
-126, -383, 1347
0, -303, 1195
129, -268, 938
263, -263, 637
263, -263, 637
331, -246, 435
380, -288, 449
406, -316, 456
401, -273, 413
398, -338, 394
353, -359, 402
300, -421, 384
300, -421, 384
188, -480, 451
110, -492, 529
-,-,-
-99, -521, 853
-106, -524, 870
-107, -528, 925
-84, -555, 923
-84, -555, 923
-103, -638, 966
-33, -720, 983
-38, -721, 990
-48, -749, 1030
-24, -864, 1123
-22, -929, 1163
-36, -871, 1093
-54, -821, 1038
-102, -724, 979
-161, -583, 912
-187, -470, 841
-197, -384, 801
-197, -384, 801
-227, -275, 738
-262, -162, 644
-273, -160, 603
-288, -170, 601
-281, -156, 550
-286, -184, 545
-271, -235, 549
-257, -256, 530
-223, -275, 478
-212, -306, 499
-200, -341, 523
-178, -378, 534
-133, -433, 568
-73, -476, 557
-73, -476, 557
-18, -513, 557
-30, -503, 610
-116, -468, 660
-171, -449, 677
-209, -467, 759
-216, -497, 811
-302, -488, 811
-389, -510, 853
-440, -553, 956
-433, -615, 1062
-434, -674, 1139
-437, -685, 1150
-474, -591, 1136
-445, -531, 1168
-410, -495, 1259
-371, -461, 1200
-371, -461, 1200
-399, -371, 1072
-403, -307, 989
-368, -287, 982
-309, -274, 947
-261, -280, 843
-199, -315, 744
-137, -378, 744
-59, -455, 769
8, -543, 789
54, -592, 756
127, -680, 768
127, -680, 768
191, -727, 800
189, -734, 811
176, -770, 805
132, -743, 800
94, -673, 807
83, -657, 877
83, -657, 877
53, -642, 884
1, -607, 818
-64, -571, 790
-87, -533, 799
-107, -546, 900
-166, -524, 1037
-,-,-
-339, -255, 670
-328, -254, 673
-328, -254, 673
-268, -217, 628
-371, -204, 707
-295, -323, 813
-302, -330, 913
-270, -206, 812
-279, -19, 697
-257, 80, 650
-227, 101, 655
-229, 74, 706
-229, 74, 706
-263, -34, 800
-210, -230, 915
-147, -322, 931
-97, -377, 942
-82, -522, 1018
-73, -680, 1110
-66, -722, 1146
-12, -712, 1113
21, -717, 1114
24, -736, 1204
24, -736, 1204
41, -760, 1295
58, -691, 1274
87, -653, 1250
150, -678, 1199
200, -737, 1172
237, -731, 1167
362, -800, 1163
459, -824, 1083
511, -787, 931
511, -787, 931
524, -736, 853
503, -665, 845
548, -683, 810
502, -613, 823
418, -482, 808
350, -358, 724
267, -271, 678
267, -271, 678
209, -241, 724
111, -191, 857
-29, -60, 912
-110, 19, 920
-143, 48, 975
-195, 93, 1064
-195, 93, 1064
-306, 173, 1197
-382, 215, 1232
-472, 238, 1207
-549, 213, 1218
-623, 124, 1292
-628, -7, 1320
-622, -119, 1286
-670, -147, 1202
-713, -127, 1252
-664, -135, 1340
-603, -152, 1327
-566, -154, 1189
-549, -195, 1129
-479, -250, 1172
-410, -253, 1178
-400, -200, 1104
-365, -247, 1003
-309, -315, 903
-232, -395, 813
-194, -442, 853
-162, -389, 790
-108, -390, 775
-108, -390, 775
4, -526, 754
74, -597, 700
53, -580, 660
112, -644, 629
147, -645, 621
201, -660, 568
201, -660, 568
171, -653, 592
189, -670, 520
187, -687, 457
126, -656, 446
22, -637, 540
-,-,-
6, -35, 1031
0, 38, 876
0, 38, 876
-6, 60, 920
71, 22, 1014
71, 22, 1014
129, -54, 1107
219, -83, 1033
228, -1, 978
235, 7, 1007
235, 7, 1007
260, -59, 1029
279, -124, 995
221, -108, 964
154, -68, 969
109, -86, 958
50, -125, 968
50, -125, 968
-22, -121, 968
-92, -68, 941
-201, -25, 964
-260, -17, 913
-328, -14, 909
-426, -31, 1013
-426, -31, 1013
-458, -60, 1060
-487, -32, 1058
-491, -17, 1050
-509, 6, 1073
-496, 28, 1044
-548, 77, 1067
-536, 75, 1059
-485, 92, 993
-485, 92, 993
-433, 112, 936
-439, 179, 905
-386, 219, 883
-274, 165, 947
-185, 113, 1001
-107, 95, 1033
-13, 87, 999
-13, 87, 999
72, 87, 970
171, 33, 958
280, -93, 1001
338, -173, 1060
338, -173, 1060
439, -299, 1026
474, -423, 1037
484, -467, 967
481, -501, 944
513, -582, 930
519, -687, 995
505, -728, 987
466, -773, 979
409, -821, 994
409, -821, 994
356, -822, 984
319, -856, 1008
217, -808, 1029
68, -634, 1022
9, -523, 953
8, -523, 879
8, -523, 879
27, -643, 979
0, -622, 1051
-105, -253, 843
-5, -197, 629
47, -271, 622
47, -271, 622
111, -347, 850
89, -159, 1106
195, 277, 806
149, 573, 747
123, 523, 998
109, 270, 1406
109, 270, 1406
130, 244, 1286
71, 361, 1062
70, 218, 1003
18, 35, 986
-10, -108, 952
-10, -108, 952
-17, -218, 916
-,-,-
276, -198, 1002
276, -198, 1002
269, -189, 1095
391, -158, 941
388, -119, 877
372, -92, 952
386, -122, 1032
490, -222, 1002
555, -228, 886
547, -188, 858
547, -188, 852
553, -185, 852
522, -201, 918
556, -226, 884
523, -209, 865
443, -150, 856
384, -142, 893
344, -128, 930
325, -101, 933
325, -101, 933
301, -62, 907
172, 26, 977
119, 72, 978
82, 92, 999
82, 92, 999
33, 79, 1082
-14, 117, 1093
-53, 159, 1124
-91, 220, 1118
-91, 220, 1118
-157, 260, 1124
-182, 186, 1158
-170, 102, 1146
-200, 147, 1111
-253, 220, 1061
-271, 233, 1023
-267, 178, 1030
-252, 126, 1056
-247, 129, 1032
-261, 159, 1028
-241, 177, 976
-220, 160, 968
-220, 160, 968
-197, 137, 1001
-184, 142, 1049
-143, 151, 1032
-106, 189, 957
-80, 193, 933
-48, 142, 938
-22, 68, 991
-22, 68, 991
-2, 43, 1038
20, 86, 974
71, 109, 927
71, 109, 927
115, 108, 940
157, 64, 999
169, 42, 1080
206, 47, 994
206, 47, 994
222, 23, 939
287, -76, 931
355, -188, 958
374, -229, 1016
441, -196, 950
441, -196, 950
479, -134, 882
516, -155, 911
558, -232, 957
622, -357, 965
639, -405, 943
610, -368, 918
562, -317, 948
556, -320, 938
556, -320, 938
526, -362, 943
430, -391, 979
349, -368, 1007
310, -370, 1065
263, -388, 1100
152, -427, 1193
101, -431, 1213
48, -328, 1147
14, -261, 1076
14, -261, 1076
-17, -267, 1066
2, -269, 970
43, -191, 815
68, -143, 759
35, -76, 847
35, -76, 847
101, -34, 842
179, -36, 879
194, 44, 916
119, 221, 940
119, 221, 940
132, 224, 972
172, 135, 997
155, 102, 975
121, 75, 933
81, 7, 964
-,-,-
340, -213, 996
430, -263, 877
398, -280, 876
363, -239, 864
373, -223, 903
425, -234, 968
425, -234, 968
509, -220, 911
517, -178, 862
504, -189, 860
469, -218, 895
490, -246, 872
568, -260, 816
533, -244, 826
533, -244, 826
447, -211, 892
416, -206, 961
436, -188, 972
419, -141, 971
341, -90, 948
262, -91, 986
224, -118, 1042
224, -118, 1042
199, -73, 1048
125, -10, 1030
59, 24, 1011
-30, 77, 1043
-77, 132, 1065
-163, 231, 1089
-234, 304, 1077
-234, 304, 1077
-289, 375, 1068
-336, 472, 1095
-413, 580, 1068
-421, 595, 1000
-359, 495, 983
-304, 375, 1032
-267, 352, 980
-236, 350, 936
-174, 327, 919
-122, 338, 939
-122, 338, 939
-91, 374, 946
-8, 321, 959
-10, 295, 947
22, 338, 912
53, 392, 917
53, 392, 917
103, 334, 889
121, 161, 898
218, -32, 935
384, -256, 984
384, -256, 984
340, -222, 1023
420, -295, 921
540, -444, 884
670, -651, 949
692, -723, 1033
619, -699, 1061
565, -642, 943
537, -588, 922
508, -539, 1063
508, -539, 1063
416, -467, 1188
237, -345, 1198
58, -238, 1155
-37, -182, 1161
-109, -177, 1268
-225, -175, 1300
-244, -168, 1124
-177, -187, 966
-114, -251, 916
-98, -256, 942
-66, -185, 909
22, -152, 781
22, -152, 781
87, -246, 756
181, -331, 800
245, -318, 843
300, -128, 792
445, -28, 703
465, -54, 820
465, -54, 820
505, -169, 1009
477, -135, 1022
515, -24, 863
468, 34, 844
351, 17, 946
351, 17, 946
307, -123, 1092
303, -162, 1023
265, -111, 834
217, -137, 775
172, -180, 894
127, -160, 1037
125, -79, 967
-,-,-
195, 11, 912
148, 29, 942
148, 29, 942
90, 80, 1003
141, 87, 992
204, 88, 929
204, 88, 929
216, 125, 915
167, 212, 947
157, 300, 959
163, 398, 906
167, 490, 793
167, 490, 793
188, 486, 724
111, 427, 843
114, 337, 888
131, 273, 894
131, 273, 894
152, 238, 867
189, 130, 885
192, -27, 933
187, -209, 978
222, -384, 1013
238, -484, 1066
234, -489, 1066
234, -489, 1066
226, -502, 1076
285, -598, 1071
316, -662, 1123
341, -641, 1100
353, -553, 1052
333, -452, 1017
341, -411, 1003
402, -429, 1008
444, -415, 1003
454, -323, 931
477, -280, 897
482, -267, 858
482, -267, 858
488, -302, 833
485, -370, 841
454, -368, 821
437, -297, 785
376, -167, 780
321, -96, 834
203, -51, 906
203, -51, 906
47, 27, 968
17, 132, 967
-41, 267, 1023
-105, 338, 1123
-105, 338, 1123
-112, 305, 1183
-98, 203, 1160
-116, 195, 1053
-173, 208, 1029
-217, 180, 1077
-180, 91, 1077
-139, 5, 1018
-154, -15, 1001
-226, 24, 1111
-227, 45, 1223
-227, 45, 1223
-193, 38, 1221
-184, 20, 1218
-169, -34, 1187
-165, -119, 1186
-157, -177, 1156
-154, -207, 1114
-101, -249, 1013
-47, -248, 942
-87, -175, 979
8, -181, 878
8, -181, 878
141, -211, 791
258, -198, 746
323, -128, 759
328, -86, 795
416, -194, 745
517, -280, 800
517, -280, 800
530, -200, 902
465, -65, 970
420, -14, 945
436, -78, 908
385, -99, 928
385, -99, 928
315, -88, 985
233, -33, 1018
-,-,-
-635, -223, 769
-430, -320, 637
-535, -251, 576
-543, -230, 626
-575, -230, 834
-468, -287, 827
-316, -318, 668
-260, -297, 595
-191, -340, 590
-191, -340, 590
-96, -458, 644
-26, -502, 555
-15, -512, 465
-59, -476, 431
-169, -376, 530
-198, -351, 652
-179, -348, 716
-248, -277, 732
-374, -144, 828
-466, -74, 1070
-466, -74, 1070
-485, -41, 1281
-514, 19, 1263
-555, 64, 1197
-624, 78, 1252
-669, 73, 1376
-661, 78, 1352
-650, 93, 1207
-672, 150, 1088
-679, 154, 1113
-679, 154, 1176
-684, 167, 1176
-636, 169, 1096
-635, 197, 1021
-604, 184, 980
-598, 206, 988
-536, 195, 965
-489, 205, 895
-449, 235, 796
-417, 286, 724
-360, 269, 755
-360, 269, 755
-298, 201, 787
-240, 117, 766
-187, 29, 720
-146, -77, 792
-137, -129, 870
-66, -266, 881
-27, -399, 872
-27, -399, 872
6, -505, 922
15, -552, 1041
18, -586, 1134
27, -609, 1135
14, -643, 1092
-35, -646, 1152
-56, -658, 1233
-56, -658, 1233
-73, -653, 1242
-90, -614, 1126
-138, -566, 1084
-170, -539, 1091
-261, -498, 1189
-321, -539, 1221
-396, -549, 1146
-420, -577, 1116
-387, -655, 1163
-357, -744, 1347
-344, -638, 1282
-364, -410, 1021
-341, -332, 818
-276, -361, 716
-254, -407, 844
-269, -221, 694
-286, 37, 431
-252, 143, 297
-253, 153, 354
-253, 153, 354
-242, -21, 719
-268, -12, 777
-299, 112, 574
-336, 87, 490
-399, -35, 586
-425, -181, 805
-,-,-
-480, -462, 790
-403, -500, 725
-375, -471, 659
-402, -457, 739
-436, -416, 839
-238, -484, 724
-238, -484, 724
-167, -475, 587
-126, -482, 548
-133, -442, 565
-67, -475, 552
-57, -459, 537
-96, -426, 514
-146, -419, 516
-215, -434, 584
-256, -401, 604
-286, -355, 598
-430, -326, 716
-430, -326, 716
-469, -388, 777
-492, -409, 781
-504, -369, 833
-523, -356, 1019
-575, -358, 1118
-567, -390, 1126
-555, -369, 1071
-550, -359, 1133
-552, -371, 1300
-549, -315, 1293
-506, -321, 1113
-507, -333, 1021
-484, -417, 1136
-450, -457, 1251
-362, -526, 1212
-307, -620, 1160
-210, -826, 1195
-139, -970, 1219
-106, -1122, 1266
-145, -1137, 1281
-162, -980, 1107
-178, -795, 937
-259, -575, 920
-276, -432, 973
-330, -225, 942
-374, 25, 652
-435, 163, 476
-473, 189, 468
-473, 189, 468
-530, 228, 665
-563, 374, 548
-579, 388, 437
-603, 276, 503
-613, 123, 641
-652, 119, 578
-687, 88, 476
-687, 88, 476
-715, 7, 501
-757, -33, 590
-779, -65, 658
-821, -49, 671
-856, -28, 668
-863, -10, 709
-863, -10, 709
-850, -13, 796
-842, -33, 855
-822, -58, 828
-784, -113, 806
-737, -187, 847
-690, -257, 889
-664, -244, 820
-623, -221, 724
-554, -287, 745
-469, -371, 770
-469, -371, 770
-407, -429, 748
-352, -478, 679
-298, -502, 617
-228, -585, 682
-160, -723, 770
-121, -825, 720
-124, -812, 638
-113, -796, 581
-146, -808, 689
-192, -828, 747
-209, -798, 719
-,-,-
-708, -92, 712
-708, -92, 712
-715, -92, 744
-626, -87, 570
-666, -54, 511
-675, -48, 598
-698, -59, 732
-642, -83, 678
-602, -63, 599
-602, -63, 599
-581, -18, 579
-562, 27, 605
-549, 131, 554
-462, 162, 488
-391, 180, 419
-363, 210, 384
-348, 189, 439
-348, 189, 439
-391, 145, 490
-419, -12, 552
-424, -99, 543
-459, -54, 526
-486, -161, 649
-576, -373, 863
-606, -449, 938
-607, -360, 872
-622, -366, 944
-622, -366, 944
-656, -457, 1198
-681, -517, 1427
-685, -476, 1386
-664, -430, 1234
-649, -417, 1138
-632, -478, 1204
-554, -585, 1267
-519, -592, 1213
-469, -565, 1114
-422, -555, 1049
-358, -582, 1017
-350, -547, 988
-333, -575, 990
-327, -574, 1000
-287, -573, 928
-290, -554, 923
-274, -557, 951
-323, -468, 972
-322, -413, 917
-305, -352, 796
-258, -341, 734
-316, -241, 788
-345, -193, 917
-400, -55, 923
-400, -55, 923
-402, 8, 813
-399, 93, 691
-427, 171, 751
-530, 236, 917
-589, 246, 925
-588, 254, 725
-588, 254, 725
-574, 223, 591
-637, 212, 684
-685, 192, 790
-688, 127, 803
-686, 64, 754
-719, 38, 719
-719, 38, 719
-764, 18, 786
-805, -1, 901
-829, 11, 928
-839, 52, 901
-850, 81, 895
-850, 81, 895
-847, 70, 931
-836, 45, 942
-820, 39, 941
-770, 43, 830
-730, -19, 781
-730, -19, 781
-698, -110, 795
-700, -111, 830
-668, -117, 843
-578, -168, 809
-511, -259, 782
-475, -303, 699
-410, -393, 638
-321, -558, 626
-254, -708, 616
-214, -769, 582
-211, -751, 490
-204, -791, 475
-220, -810, 503
-220, -810, 503
-257, -772, 542
-285, -735, 565
-331, -688, 556
-375, -619, 505
-439, -513, 513
-514, -437, 619
-537, -436, 654
-556, -437, 577
-,-,-
-258, -520, 708
-231, -493, 833
-253, -482, 806
-191, -489, 742
-174, -511, 820
-175, -475, 904
-120, -473, 886
-120, -473, 886
-41, -508, 847
31, -559, 826
99, -626, 790
123, -614, 803
122, -562, 816
74, -477, 839
58, -464, 882
58, -464, 882
36, -467, 842
-6, -450, 782
-100, -397, 800
-194, -366, 868
-243, -405, 875
-310, -375, 874
-340, -358, 813
-340, -358, 813
-413, -354, 846
-460, -373, 951
-497, -382, 1054
-510, -363, 1042
-493, -357, 1000
-505, -344, 1006
-495, -373, 1079
-484, -389, 1102
-465, -393, 1005
-432, -461, 1013
-409, -577, 1029
-386, -782, 1102
-388, -950, 1226
-375, -992, 1309
-332, -939, 1301
-312, -819, 1260
-325, -742, 1262
-347, -701, 1292
-313, -712, 1285
-272, -626, 1064
-232, -577, 872
-212, -585, 725
-198, -598, 713
-211, -503, 641
-154, -451, 488
-142, -381, 436
-146, -343, 482
-183, -328, 532
-239, -288, 473
-239, -288, 473
-239, -282, 397
-229, -299, 321
-219, -400, 322
-307, -406, 414
-367, -385, 421
-386, -321, 356
-419, -276, 350
-457, -244, 380
-498, -161, 312
-534, -47, 266
-527, 39, 227
-562, 58, 308
-562, 58, 308
-589, 1, 407
-529, -108, 441
-444, -213, 504
-375, -332, 620
-389, -384, 708
-309, -520, 700
-203, -695, 731
-110, -821, 774
-110, -821, 774
-126, -851, 870
-118, -909, 999
-71, -907, 963
20, -918, 872
81, -942, 879
109, -988, 904
89, -944, 962
137, -935, 960
137, -935, 960
157, -937, 931
164, -900, 914
163, -902, 902
101, -847, 909
72, -771, 876
57, -741, 941
-,-,-
-882, -264, 436
-841, -266, 414
-783, -313, 279
-817, -285, 260
-926, -273, 350
-942, -329, 482
-913, -350, 480
-907, -328, 448
-907, -328, 448
-901, -349, 444
-899, -361, 387
-871, -395, 403
-810, -475, 436
-772, -421, 287
-763, -359, 187
-790, -314, 213
-809, -294, 225
-775, -274, 110
-798, -236, 90
-824, -212, 163
-797, -230, 161
-708, -231, 66
-708, -231, 66
-753, -103, 121
-760, 21, 218
-727, 79, 307
-715, 251, 231
-760, 549, 153
-826, 762, 318
-848, 830, 459
-848, 830, 459
-835, 878, 511
-911, 1039, 443
-973, 1143, 364
-954, 998, 425
-917, 808, 429
-882, 669, 376
-858, 607, 360
-844, 569, 381
-844, 569, 381
-830, 547, 444
-793, 533, 437
-744, 520, 377
-686, 537, 313
-590, 529, 289
-486, 529, 236
-405, 491, 198
-405, 491, 198
-369, 498, 175
-342, 460, 212
-412, 414, 240
-539, 413, 173
-612, 439, 101
-651, 409, 222
-673, 284, 403
-673, 284, 403
-763, 280, 461
-868, 279, 506
-936, 349, 495
-984, 455, 471
-1032, 560, 346
-1056, 603, 248
-1076, 659, 309
-1087, 597, 385
-1072, 482, 439
-1035, 457, 372
-1035, 457, 372
-1077, 410, 627
-1164, 508, 820
-1141, 617, 716
-1143, 723, 576
-1105, 774, 501
-1055, 787, 470
-1010, 839, 447
-1034, 997, 453
-1146, 1162, 480
-1094, 1125, 374
-1034, 1016, 372
-975, 909, 332
-961, 965, 394
-993, 1062, 515
-916, 888, 479
-916, 888, 479
-737, 641, 195
-633, 366, 168
-515, 176, 192
-390, -142, 434
-351, -267, 381
-278, -416, 183
-209, -605, 186
-331, -634, 301
-361, -582, 318
-412, -493, 292
-412, -493, 292
-451, -440, 262
-523, -431, 249
-640, -410, 363
-786, -230, 420
-,-,-
-956, 178, -417
-920, 94, -341
-908, 112, -443
-911, 116, -456
-917, 163, -464
-906, 158, -502
-823, 76, -646
-816, 58, -742
-759, 41, -779
-759, 41, -779
-725, 39, -807
-712, 48, -885
-716, 68, -865
-687, 70, -744
-665, 94, -645
-642, 116, -612
-655, 154, -562
-670, 203, -326
-716, 287, -20
-716, 287, -20
-729, 330, 143
-764, 450, 219
-814, 500, 399
-906, 514, 704
-974, 481, 899
-968, 525, 848
-919, 558, 792
-919, 558, 792
-883, 619, 825
-768, 595, 720
-693, 576, 664
-633, 499, 632
-560, 388, 593
-464, 287, 553
-396, 201, 504
-377, 126, 463
-377, 126, 463
-363, 76, 404
-353, 114, 377
-406, 281, 361
-537, 412, 413
-597, 467, 411
-621, 671, 318
-621, 671, 318
-718, 961, 234
-730, 1117, 158
-809, 1249, 71
-822, 1279, -99
-829, 1230, -93
-768, 1195, -62
-659, 1028, -115
-678, 915, -67
-657, 976, -176
-549, 935, -138
-463, 929, 23
-463, 929, 23
-408, 1050, 66
-407, 1176, -73
-435, 1164, -81
-493, 1118, -21
-536, 1121, 54
-527, 1159, -6
-561, 1247, 4
-602, 1264, 134
-602, 1264, 134
-600, 1260, 112
-603, 1220, 150
-610, 1261, 127
-687, 1410, 219
-851, 1601, 254
-1000, 1631, 224
-1021, 1554, 192
-1046, 1449, 308
-1045, 1333, 392
-1008, 1321, 298
-835, 1101, 281
-762, 903, 305
-657, 692, 279
-538, 541, 149
-408, 503, -89
-408, 503, -89
-284, 345, -219
-247, 266, -233
-202, 115, -134
-137, 43, -229
-161, 3, -284
-182, 17, -261
-274, 100, -91
-327, 50, 13
-327, 50, 13
-401, 82, -16
-529, 163, -66
-605, 203, -107
-719, 212, -12
-828, 235, 82
-828, 235, 82
-,-,-
-294, -29, 803
-261, -42, 837
-286, 22, 811
-286, 22, 811
-312, 48, 830
-272, 8, 838
-211, -9, 750
-222, 14, 747
-222, 14, 747
-229, 11, 828
-187, 6, 802
-133, -40, 747
-77, -110, 728
-97, -104, 772
-97, -104, 772
-53, -90, 775
20, -75, 693
30, -15, 721
0, 104, 744
0, 104, 744
0, 92, 799
15, 73, 934
23, 133, 957
23, 133, 957
-20, 200, 1045
-22, 219, 1087
-40, 271, 1131
-51, 311, 1155
-89, 314, 1240
-89, 314, 1240
-133, 306, 1355
-154, 318, 1366
-149, 320, 1344
-174, 340, 1288
-188, 367, 1258
-205, 377, 1291
-238, 402, 1331
-211, 430, 1244
-261, 482, 1165
-269, 497, 1134
-288, 565, 1123
-269, 604, 1144
-234, 596, 1103
-234, 596, 1103
-200, 532, 1031
-191, 450, 1019
-134, 407, 1017
-119, 439, 1030
-85, 422, 978
-19, 315, 886
32, 158, 854
74, -25, 934
74, -25, 934
92, -102, 972
128, -177, 891
132, -256, 829
141, -347, 791
123, -411, 791
123, -411, 791
99, -431, 846
76, -431, 892
80, -470, 904
43, -473, 911
8, -452, 925
8, -452, 925
-40, -399, 965
-53, -393, 997
-90, -408, 1026
-132, -405, 1016
-199, -413, 1017
-232, -483, 1103
-227, -589, 1202
-229, -584, 1194
-271, -476, 1043
-325, -433, 949
-296, -440, 846
-255, -435, 841
-229, -316, 831
-222, -105, 733
-222, -105, 733
-179, 97, 747
-187, 238, 901
-208, 335, 952
-197, 340, 976
-187, 422, 858
-188, 398, 840
-255, 370, 901
-255, 370, 901
-,-,-
80, -309, 948
75, -253, 764
-134, -71, 943
-134, -71, 943
-163, -127, 1171
-20, -290, 1088
65, -345, 944
-34, -264, 922
-107, -292, 1105
-92, -433, 1219
15, -579, 1119
59, -616, 1007
42, -600, 975
42, -600, 975
-10, -451, 978
12, -389, 955
55, -396, 904
26, -271, 898
-55, -67, 929
-55, -67, 929
-158, 158, 991
-193, 273, 1030
-168, 258, 1106
-221, 337, 1084
-288, 362, 1008
-309, 305, 909
-278, 199, 846
-253, 133, 836
-213, 91, 823
-213, 91, 823
-178, 110, 791
-122, 124, 720
-72, 99, 735
-1, 69, 755
-1, 69, 755
88, 50, 757
136, 4, 778
200, -51, 747
200, -51, 747
170, 16, 801
112, -4, 910
42, -12, 937
42, -58, 890
42, -58, 890
-6, -64, 848
-90, -86, 871
-146, -157, 941
-213, -254, 1078
-251, -371, 1206
-285, -453, 1292
-312, -458, 1279
-361, -427, 1274
-436, -369, 1281
-453, -369, 1252
-453, -343, 1252
-490, -307, 1255
-521, -230, 1252
-504, -175, 1121
-494, -141, 1004
-514, -100, 975
-487, -67, 981
-452, -48, 1002
-394, -70, 979
-375, -60, 905
-347, -80, 897
-291, -132, 905
-187, -218, 889
-61, -304, 818
-1, -304, 774
-1, -304, 774
94, -273, 844
161, -252, 1011
286, -255, 980
409, -300, 849
439, -343, 867
407, -355, 1003
364, -271, 1040
364, -271, 1040
315, -237, 994
236, -226, 966
